2017 3 29 13 45 50 2 70 69604319

2017 3 29 14 30 12 1 70 69835295

2017 3 29 16 41 40 3 70 69850308

2017 3 29 16 42 52 3 70 69850309

2017 3 29 17 0 34 3 70 69848856

2017 4 25 14 16 41 3 70 66461865

2017 5 7 10 6 54 3 70 66461837

2017 5 7 10 15 30 3 70 66461837

2017 5 7 10 20 1 3 56 65932199

2017 5 7 10 22 0 3 56 66452130

2017 5 7 10 28 15 3 56 66452125

2017 5 7 10 30 9 3 56 66452131

2017 5 7 10 33 44 3 56 66452130

2017 5 7 10 35 43 3 56 66457142

2017 5 7 10 37 15 3 56 66457150

2017 5 7 10 38 24 3 56 66457147

2017 5 7 10 43 19 3 56 66457145

2017 5 7 10 49 32 3 52 52095512

2017 5 7 10 51 32 3 56 66456887

2017 5 7 10 57 20 3 58 66458139

2017 5 7 11 0 18 3 58 66452978

2017 5 7 11 7 20 3 58 66452949

2017 5 7 11 18 53 3 58 66452980

2017 5 7 11 25 16 3 60 66678116

2017 5 7 11 38 36 3 60 66677364

